id:101

Performance: above Median


num_logins:
current:86.0
ideal:75.47619047619048


act_per_day:
current:10.375
ideal:9.310374214476193


avg_due:
current:3.5
ideal:1.5332079297142858


num_online_meetings:
current:8.0
ideal:3.8095238095238093


