id:106

Performance: above Median


num_logins:
current:86.0
ideal:75.47619047619048


act_per_day:
current:11.0714283
ideal:9.310374214476193


avg_due:
current:3.25
ideal:1.5332079297142858


num_online_meetings:
current:14.0
ideal:3.8095238095238093


