id:80

Performance: above Median


 TotalStudyGuideMaterials:
current:76.0
ideal:71.15789473684211


act_per_day:
current:12.53968239
ideal:9.747702548000001


num_logins:
current:121.0
ideal:89.0


 ReviewedActivities:
current:36.0
ideal:31.526315789473685


