id:82

Performance: above Median


 TotalStudyGuideMaterials:
current:104.0
ideal:71.15789473684211


 StudyingSupplementalMaterialActivities:
current:31.0
ideal:27.94736842105263


days_no_activities:
current:24.0
ideal:21.36842105263158


CyberRat Assignments:
current:3.0
ideal:2.8421052631578947


