id:86

Performance: above Median


avg_due:
current:2.0
ideal:1.5332079297142858


Procedures Quiz:
current:3.0
ideal:2.857142857142857


days_no_activities:
current:27.0
ideal:20.61904761904762


