id:88

Performance: above Median


 TotalStudyGuideMaterials:
current:73.0
ideal:71.15789473684211


 StudyingSupplementalMaterialActivities:
current:31.0
ideal:27.94736842105263


Fluency Drills paticipation:
current:11.0
ideal:4.631578947368421


Procedures Quiz:
current:4.0
ideal:3.0526315789473686


