id:92

Performance: above Median


num_logins:
current:91.0
ideal:75.47619047619048


act_per_day:
current:11.89285755
ideal:9.310374214476193


days_no_activities:
current:21.0
ideal:20.61904761904762


