id:98

Performance: above Median


Average number of activites accessed before each test:
current:68.0
ideal:67.61904761904762


act_per_day:
current:9.339285851
ideal:9.310374214476193


avg_due:
current:3.5
ideal:1.5332079297142858


Unit Discussions paticipation:
current:26.0
ideal:10.142857142857142


days_no_activities:
current:25.0
ideal:20.61904761904762


